[88,
10,
0,
0,
0,
3,
0,
4,
3,
2,
0,
3,
5,
0,
0,
0,
0,
5,
85,
84,
70,
45,
56,
0,
0,
6,
3,
0,
0,
4,
2,
0,
0,
0,
1,
0,
4,
0,
9,
0,
0,
0,
6,
115,
114,
99,
114,
101,
102,
0,
0,
3,
13,
0,
0,
0,
8,
0,
0,
0,
1,
0,
0,
0,
24,
0,
0,
0,
1,
0,
0,
0,
38,
0,
0,
0,
24,
0,
0,
0,
38,
0,
0,
0,
1,
0,
0,
0,
1,
0,
0,
4,
2,
0,
0,
0,
1,
0,
4,
0,
9,
0,
0,
0,
7,
115,
114,
99,
102,
105,
108,
101,
0,
0,
0,
4,
0,
0,
0,
0,
0,
0,
0,
242,
0,
0,
4,
2,
0,
0,
0,
1,
0,
4,
0,
9,
0,
0,
0,
5,
108,
105,
110,
101,
115,
0,
0,
0,
16,
0,
0,
0,
1,
0,
4,
0,
9,
0,
0,
0,
40,
102,
99,
32,
60,
45,
32,
99,
111,
109,
112,
105,
108,
101,
114,
58,
58,
99,
109,
112,
102,
117,
110,
40,
102,
117,
110,
99,
116,
105,
111,
110,
40,
41,
32,
78,
85,
76,
76,
41,
10,
0,
0,
4,
2,
0,
0,
0,
1,
0,
4,
0,
9,
0,
0,
0,
8,
102,
105,
108,
101,
110,
97,
109,
101,
0,
0,
0,
16,
0,
0,
0,
1,
0,
4,
0,
9,
0,
0,
0,
0,
0,
0,
0,
254,
0,
0,
0,
254,
0,
0,
4,
2,
0,
0,
0,
1,
0,
4,
0,
9,
0,
0,
0,
5,
99,
108,
97,
115,
115,
0,
0,
0,
16,
0,
0,
0,
2,
0,
4,
0,
9,
0,
0,
0,
11,
115,
114,
99,
102,
105,
108,
101,
99,
111,
112,
121,
0,
4,
0,
9,
0,
0,
0,
7,
115,
114,
99,
102,
105,
108,
101,
0,
0,
0,
254,
0,
0,
4,
2,
0,
0,
6,
255,
0,
0,
0,
16,
0,
0,
0,
1,
0,
4,
0,
9,
0,
0,
0,
6,
115,
114,
99,
114,
101,
102,
0,
0,
0,
254,
0,
0,
0,
254,
0,
0,
0,
253,
0,
0,
0,
254,
0,
0,
0,
21,
0,
0,
0,
1,
0,
0,
0,
13,
0,
0,
0,
3,
0,
0,
0,
12,
0,
0,
0,
17,
0,
0,
0,
1,
0,
0,
0,
4,
0,
0,
0,
0,
0,
0,
0,
254,
0,
0,
0,
13,
0,
0,
3,
13,
0,
0,
0,
8,
0,
0,
0,
1,
0,
0,
0,
24,
0,
0,
0,
1,
0,
0,
0,
38,
0,
0,
0,
24,
0,
0,
0,
38,
0,
0,
0,
1,
0,
0,
0,
1,
0,
0,
4,
2,
0,
0,
2,
255,
0,
0,
0,
4,
0,
0,
0,
0,
0,
0,
0,
242,
0,
0,
4,
2,
0,
0,
4,
255,
0,
0,
0,
16,
0,
0,
0,
1,
0,
4,
0,
9,
0,
0,
0,
40,
102,
99,
32,
60,
45,
32,
99,
111,
109,
112,
105,
108,
101,
114,
58,
58,
99,
109,
112,
102,
117,
110,
40,
102,
117,
110,
99,
116,
105,
111,
110,
40,
41,
32,
78,
85,
76,
76,
41,
10,
0,
0,
4,
2,
0,
0,
5,
255,
0,
0,
0,
16,
0,
0,
0,
1,
0,
4,
0,
9,
0,
0,
0,
0,
0,
0,
0,
254,
0,
0,
0,
254,
0,
0,
4,
2,
0,
0,
6,
255,
0,
0,
0,
16,
0,
0,
0,
2,
0,
4,
0,
9,
0,
0,
0,
11,
115,
114,
99,
102,
105,
108,
101,
99,
111,
112,
121,
0,
4,
0,
9,
0,
0,
0,
7,
115,
114,
99,
102,
105,
108,
101,
0,
0,
0,
254,
0,
0,
4,
2,
0,
0,
6,
255,
0,
0,
0,
16,
0,
0,
0,
1,
0,
4,
0,
9,
0,
0,
0,
6,
115,
114,
99,
114,
101,
102,
0,
0,
0,
254,
0,
0,
0,
13,
0,
0,
3,
13,
0,
0,
0,
3,
128,
0,
0,
0,
0,
0,
0,
0,
0,
0,
0,
0,
0,
0,
4,
2,
0,
0,
6,
255,
0,
0,
0,
16,
0,
0,
0,
1,
0,
4,
0,
9,
0,
0,
0,
16,
101,
120,
112,
114,
101,
115,
115,
105,
111,
110,
115,
73,
110,
100,
101,
120,
0,
0,
0,
254,
0,
0,
0,
13,
0,
0,
3,
13,
0,
0,
0,
3,
128,
0,
0,
0,
0,
0,
0,
1,
0,
0,
0,
1,
0,
0,
4,
2,
0,
0,
6,
255,
0,
0,
0,
16,
0,
0,
0,
1,
0,
4,
0,
9,
0,
0,
0,
12,
115,
114,
99,
114,
101,
102,
115,
73,
110,
100,
101,
120,
0,
0,
0,
254]
